Date,Berri 1,Brébeuf (données non disponibles),Côte-Sainte-Catherine,Maisonneuve 1,Maisonneuve 2,du Parc,Pierre-Dupuy,Rachel1,St-Urbain (données non disponibles)
2012-06-04,1633,,650,1045,1913,975,621,2138,
2012-07-06,6246,,2607,4670,8222,3972,1019,5724,
2012-06-06,6037,,2724,4273,7822,3987,1223,5269,
2012-07-19,6309,,2397,3996,7699,3777,2647,5665,
2012-02-14,318,,0,186,504,243,9,1,
2012-05-20,5255,,1663,2730,4462,2182,4241,5539,
2012-06-27,3141,,1322,2142,4211,2134,536,2897,
2012-01-05,1986,,815,1722,2766,1516,195,1960,
2012-03-06,2755,,1897,2020,3768,2324,1312,4936,
2012-01-29,87,,1,65,132,40,7,0,
2012-01-06,6097,,2604,4110,7175,3895,1692,6595,
2012-07-09,6186,,2720,4153,7323,3886,2051,6104,
2012-12-07,6179,,2371,3772,7200,3687,2433,5140,
2012-05-19,4732,,1454,2807,4673,1966,2914,5293,
2012-06-09,5883,,2883,3967,7511,4014,1498,4732,
2012-05-10,4151,,1977,2799,4688,2844,1035,4088,
2012-03-19,1821,,1024,1278,2581,1609,506,2058,
2012-09-20,5260,,2496,3615,6348,3991,1391,5119,
2012-08-28,5817,,2794,3966,6313,3420,1629,4720,
2012-10-01,397,,3,238,563,275,18,241,
2012-03-10,4685,,2377,3191,5475,3415,858,3941,
2012-05-02,72,,0,46,133,54,7,0,
2012-12-04,3064,,1483,2306,4076,2280,590,3213,
2012-02-23,397,,10,293,528,329,22,13,
2012-10-27,1857,,792,1244,2461,1193,618,2471,
2012-03-24,753,,336,517,1001,635,277,1035,
2012-03-25,520,,243,309,691,427,145,723,
2012-09-23,2314,,1093,1496,2572,1470,984,3321,
2012-07-26,5560,,2043,4174,6476,3208,1595,4383,
2012-06-05,3411,,1525,1815,3346,1879,2036,4633,
2012-04-06,2717,,1408,2095,4276,2168,333,3090,
2012-07-15,3035,,1060,1798,3437,1449,2034,3545,
2012-12-02,78,,0,36,91,53,5,0,
2012-09-19,4653,,2351,3176,5746,3738,840,4189,
2012-09-03,371,,8,279,575,268,8,38,
2012-01-26,306,,0,215,495,191,0,1,
2012-04-07,5153,,2038,3591,5814,3070,1246,4493,
2012-03-11,844,,380,612,1137,713,105,1302,
2012-02-19,169,,3,110,205,113,13,2,
2012-10-30,2887,,1251,2007,3516,2255,338,2790,
2012-08-25,4242,,1305,2358,4126,1726,2558,4833,
2012-10-15,3292,,1678,2165,4197,2754,560,3183,
2012-06-17,4638,,1552,2082,4108,2020,3453,5128,
2012-02-16,386,,1,212,569,295,10,0,
2012-04-27,1986,,743,1526,2586,1298,139,1899,
2012-06-03,269,,0,192,437,170,10,0,
2012-10-08,2414,,934,1727,3323,1641,440,2456,
2012-07-18,6180,,2589,3750,7311,3654,2813,5884,
2012-01-15,54,,0,33,60,18,0,0,
2012-10-29,2919,,1458,2071,3768,2440,411,2795,
2012-08-19,4644,,1408,2605,3780,1758,1683,4478,
2012-05-21,5129,,1646,2672,4169,2044,3413,5053,
2012-04-17,3539,,1616,2636,4592,2450,544,3333,
2012-02-08,5715,,2361,3340,6956,3329,2643,4828,
2012-04-21,533,,212,398,710,408,50,755,
2012-06-25,2245,,1077,1374,3031,1440,1349,3283,
2012-11-09,6015,,2913,4081,7148,4314,1484,5451,
2012-05-25,5697,,2205,4096,6734,3341,1953,5174,
2012-05-13,2741,,1223,1703,3086,1592,1394,3496,
2012-02-26,78,,0,76,47,35,4,0,
2012-08-02,271,,0,202,503,215,4,1,
2012-10-28,1310,,697,910,1776,955,387,1876,
2012-10-13,1783,,802,1205,2113,1183,681,2309,
2012-08-15,4297,,1882,2936,4948,2686,970,3877,
2012-05-28,4268,,1962,3449,5798,2898,1027,3894,
2012-10-16,3739,,1858,2684,4681,2997,554,3593,
2012-02-11,1582,,737,1109,2277,1392,97,1888,
2012-11-05,4639,,1803,3663,5713,2888,1260,4499,
2012-10-06,5112,,1812,2905,4798,2328,1833,6170,
2012-07-24,5243,,2318,3465,6721,3317,2170,4694,
2012-07-31,5415,,2185,3145,6705,3222,2505,4468,
2012-05-30,6459,,2722,4806,7632,3817,2454,5172,
2012-10-09,5077,,2792,3718,6644,3849,1271,4984,
2012-01-23,210,,6,114,357,91,6,0,
2012-04-30,3610,,1572,2825,4675,2446,851,3541,
2012-05-18,5980,,2241,4415,6646,3196,1711,5273,
2012-01-08,4638,,1842,2783,5846,2810,1481,3889,
2012-11-06,6206,,2577,4333,7015,3757,1264,5721,
2012-06-18,5921,,2703,3582,6824,3960,2455,5496,
2012-06-24,3341,,1152,1423,2989,1510,3634,4581,
2012-09-10,4787,,2210,3026,5138,3418,927,4078,
2012-07-14,4206,,1244,2441,4284,1562,2900,4252,
2012-09-04,828,,298,560,1048,605,65,1001,
2012-01-28,80,,1,61,123,33,9,1,
2012-03-07,6712,,2634,4398,7416,3896,2606,5462,
2012-10-21,1277,,609,869,1777,898,242,1648,
2012-08-08,5498,,2313,3365,6862,3403,2226,4771,
2012-10-26,4290,,1987,2754,5246,3000,1456,4578,
2012-04-14,2890,,1072,1639,2994,1594,1284,3428,
2012-07-01,98,,2,80,108,53,6,54,
2012-09-06,5164,,1672,3418,5557,2451,1551,6026,
2012-01-20,161,,4,96,217,67,1,1,
2012-10-25,3735,,1815,2528,5010,3017,631,3767,
2012-03-23,2115,,1143,1512,2955,1791,663,2325,
2012-05-03,155,,1,114,363,157,8,2,
2012-10-17,4098,,1964,2645,4836,3063,728,3834,
2012-10-31,2634,,1294,1835,3453,2220,245,2570,
2012-08-18,4427,,1333,2505,3866,1864,1229,4359,
2012-09-24,4553,,2246,3117,5738,3705,1100,4683,
2012-09-25,5038,,2236,3273,5861,3712,1007,4420,